# list of object assets to load in this scene




##### SIZE OF EACH OBJECTS #####
# Mario Small	13 x 12
# Mario Big		14 x 24
# Mario Racoon	(14 + 5) x 25
# Brick			15 x 16
# Goomba		16 x 11
# Koopa Troopa	14 x 24
# Coin			15 x 16
# Piranha Plant 15 x 23
# Ground		15 x 15
# Cloud			15 x 15
# Tree			15 x 15
# Rectangle		15 x 15
# Pipe			15 x 15




##### SYNTAX #####
# See OBJECT_TYPE constants in AssetIDs.h

# type	x	y	extra_settings per object type
# type: 0 = Mario , 1 = Brick, 2 = Goomba, 3 = Koopa Troopa, 4 = Coin, 5 = Platform, 6 = Piranha Plant

# PIRANHA PLANT	id	x	y	type(green = 1, green fire = 2, red fire = 3)
# GOOMBA	id	x	y	type(normal = 1, red = 2)	level(normal = 1, para = 2)
# KOOPA TROOPA	id	x	y	type(red = 1, green = 2)	level(normal = 1, para = 2)
# PLATFORM	id	x	y	width	height	length	begin	middle	end	type(block = 1, normal = 2, no collision = 3)
# BRICK	type	x	y	type(gold = 1, question = 2)	object_type(none = 0, super mushroom/leaf = 1, coin = 2, 1up = 3, pswitch = 4);




[ASSETS]
coin.txt
misc.txt
brick.txt
mario.txt
bullet.txt
goomba.txt
piranha.txt
pswitch.txt
mushroom.txt
koopatroopa.txt
[OBJECTS]
# MARIO
0	6	380
#0	2200	380


# BRICKS
1	176	352	2	2
1	192	352	2	2
1	224	304	2	2
1	240	304	2	1
1	656	384	2	1
1	416	320	2	2
1	704	352	2	2
1	1440	128	1	3
1	1472	368	2	1
1	1952	400	1	0
1	1968	400	1	0
1	1984	400	1	0
1	2000	400	1	0
1	2016	400	1	0
1	2032	400	1	0
1	2048	400	1	0
1	2096	400	1	0
1	2112	400	1	0
1	1968	384	1	0
1	1984	384	1	0
1	2000	384	1	0
1	2016	384	1	0
1	2032	384	1	0
1	2096	384	1	0
1	1984	368	1	0
1	2000	368	1	0
1	2016	368	1	0
1	2032	368	1	4


# GOOMBA
2	224	380	1	1
2	528	380	1	1
2	832	385	1	1
2	880	385	1	1
2	944	382	2	2


# KOOPA TROOPA
3	577	359	1	1
3	1472	391	2	1
3	1328	293	2	2
3	1376	293	2	2
3	1424	293	2	2
3	2096	359	1	1


# COIN
4	1073	320
4	1105	288
4	1137	256
4	1169	224
4	1201	192
4	1329	80
4	1345	80
4	1361	80
4	1473	112
4	1489	112
4	1537	128
4	1553	128
4	1569	128
4	1585	128
4	1617	112
4	1633	112
4	1649	112
4	1665	112
4	1697	144
4	1729	112
4	1761	125
4	1809	96
4	1841	128

4	3046	272
4	3061	272
4	3076	288
4	3031	288
4	3076	304
4	3046	320
4	3061	320
4	3076	336
4	3031	352
4	3076	352
4	3046	368
4	3061	368


# GROUND
5	8	416	15	15	41	51101	51102	51103	1
5	623	416	15	15	31	51201	51202	51203	1
5	623	400	15	15	31	51101	51102	51103	1

5	1152	416	15	15	23	51101	51102	51103	1
5	1536	416	16	15	5	51101	51102	51103	1
5	1664	416	15	15	38	51101	51102	51103	1
5	2256	416	15	15	37	51101	51102	51103	1


# CLOUD
5	1408	192	16	15	4	52000	52000	52000	2
5	1488	176	16	15	13	52000	52000	52000	2	


# PINK RECTANGLE
5	240	368	16	15	3	55111	55112	55113	2
5	240	384	16	15	3	55121	55122	55123	3
5	240	400	16	15	3	55131	55132	55133	3

5	284	370	9	9	1	55441	55441	55441	3
5	284	378	9	9	1	55443	55443	55443	3
5	284	386	9	9	1	55443	55443	55443	3
5	284	394	9	9	1	55443	55443	55443	3
5	284	402	9	9	1	55443	55443	55443	3
5	284	404	9	9	1	55443	55443	55443	3

5	2144	368	16	15	3	55111	55112	55113	2
5	2144	384	16	15	3	55121	55122	55123	3
5	2144	400	16	15	3	55131	55132	55133	3

5	2188	370	9	9	1	55441	55441	55441	3
5	2188	378	9	9	1	55443	55443	55443	3
5	2188	386	9	9	1	55443	55443	55443	3
5	2188	394	9	9	1	55443	55443	55443	3
5	2188	402	9	9	1	55443	55443	55443	3
5	2188	404	9	9	1	55443	55443	55443	3


# BLUE RECTANGLE
5	272	336	16	15	3	55211	55212	55213	2
5	272	352	16	15	3	55221	55222	55223	3
5	272	368	16	15	3	55221	55222	55223	3
5	272	384	16	15	3	55221	55222	55223	3
5	272	400	16	15	3	55231	55232	55233	3

5	316	338	9	9	1	55441	55441	55441	3
5	316	346	9	9	1	55443	55443	55443	3
5	316	354	9	9	1	55443	55443	55443	3
5	316	362	9	9	1	55443	55443	55443	3
5	316	370	9	9	1	55443	55443	55443	3
5	316	378	9	9	1	55443	55443	55443	3
5	316	386	9	9	1	55443	55443	55443	3
5	316	394	9	9	1	55443	55443	55443	3
5	316	402	9	9	1	55443	55443	55443	3
5	316	404	9	9	1	55443	55443	55443	3


# GREEN RECTANGLE
5	400	368	16	15	5	55311	55312	55313	2
5	400	384	16	15	5	55321	55322	55323	3
5	400	400	16	15	5	55331	55332	55333	3

5	476	370	9	9	1	55441	55441	55441	3
5	476	378	9	9	1	55443	55443	55443	3
5	476	386	9	9	1	55443	55443	55443	3
5	476	394	9	9	1	55443	55443	55443	3
5	476	402	9	9	1	55443	55443	55443	3
5	476	404	9	9	1	55443	55443	55443	3

5	512	384	16	15	6	55311	55312	55313	2
5	512	400	16	15	6	55331	55332	55333	3

5	604	386	9	9	1	55441	55441	55441	3
5	604	394	9	9	1	55443	55443	55443	3
5	604	402	9	9	1	55443	55443	55443	3
5	604	404	9	9	1	55443	55443	55443	3

5	1264	384	16	15	7	55311	55312	55313	2
5	1264	400	16	15	7	55331	55332	55333	3

5	1372	386	9	9	1	55441	55441	55441	3
5	1372	394	9	9	1	55443	55443	55443	3
5	1372	402	9	9	1	55443	55443	55443	3
5	1372	404	9	9	1	55443	55443	55443	3

5	2176	272	16	15	3	55311	55312	55313	2
5	2176	288	16	15	3	55321	55322	55323	3
5	2176	304	16	15	3	55321	55322	55323	3
5	2176	320	16	15	3	55321	55322	55323	3
5	2176	336	16	15	3	55321	55322	55323	3
5	2176	352	16	15	3	55321	55322	55323	3
5	2176	368	16	15	3	55321	55322	55323	3
5	2176	384	16	15	3	55321	55322	55323	3
5	2176	400	16	15	3	55321	55322	55323	3

5	2220	274	9	9	1	55441	55441	55441	3
5	2220	282	9	9	1	55443	55443	55443	3
5	2220	290	9	9	1	55443	55443	55443	3
5	2220	298	9	9	1	55443	55443	55443	3
5	2220	306	9	9	1	55443	55443	55443	3
5	2220	314	9	9	1	55443	55443	55443	3
5	2220	322	9	9	1	55443	55443	55443	3
5	2220	330	9	9	1	55443	55443	55443	3
5	2220	338	9	9	1	55443	55443	55443	3
5	2220	346	9	9	1	55443	55443	55443	3
5	2220	354	9	9	1	55443	55443	55443	3
5	2220	362	9	9	1	55443	55443	55443	3
5	2220	370	9	9	1	55443	55443	55443	3
5	2220	378	9	9	1	55443	55443	55443	3
5	2220	386	9	9	1	55443	55443	55443	3
5	2220	394	9	9	1	55443	55443	55443	3
5	2220	402	9	9	1	55443	55443	55443	3
5	2220	404	9	9	1	55443	55443	55443	3


# PINK RECTANGLE
5	464	336	16	15	4	55111	55112	55113	2
5	464	352	16	15	4	55121	55122	55123	3
5	464	368	16	15	4	55121	55122	55123	3
5	464	384	16	15	4	55121	55122	55123	3
5	464	400	16	15	4	55131	55132	55133	3

5	524	338	9	9	1	55441	55441	55441	3
5	524	346	9	9	1	55443	55443	55443	3
5	524	354	9	9	1	55443	55443	55443	3
5	524	362	9	9	1	55443	55443	55443	3
5	524	370	9	9	1	55443	55443	55443	3
5	524	372	9	9	1	55443	55443	55443	3

5	1312	144	16	15	4	55111	55112	55113	2
5	1312	160	16	15	4	55131	55132	55133	3

5	1372	146	9	9	1	55441	55441	55441	3
5	1372	154	9	9	1	55443	55443	55443	3
5	1372	162	9	9	1	55443	55443	55443	3
5	1372	164	9	9	1	55443	55443	55443	3
5	1372	172	9	9	1	55442	55442	55442	3
5	1364	172	9	9	1	55443	55443	55443	3
5	1356	172	9	9	1	55443	55443	55443	3
5	1348	172	9	9	1	55443	55443	55443	3
5	1340	172	9	9	1	55443	55443	55443	3
5	1332	172	9	9	1	55443	55443	55443	3
5	1324	172	9	9	1	55443	55443	55443	3
5	1316	172	9	9	1	55444	55444	55444	3

5	1296	352	16	15	7	55111	55112	55113	2
5	1296	368	16	15	7	55121	55122	55123	3
5	1296	384	16	15	7	55121	55122	55123	3
5	1296	400	16	15	7	55131	55132	55133	3

5	1404	354	9	9	1	55441	55441	55441	3
5	1404	362	9	9	1	55443	55443	55443	3
5	1404	370	9	9	1	55443	55443	55443	3
5	1404	378	9	9	1	55443	55443	55443	3
5	1404	386	9	9	1	55443	55443	55443	3
5	1404	394	9	9	1	55443	55443	55443	3
5	1404	402	9	9	1	55443	55443	55443	3
5	1404	404	9	9	1	55443	55443	55443	3


# WHITE RECTANGLE
5	512	304	16	15	4	55411	55412	55413	2
5	512	320	16	15	4	55421	55422	55423	3
5	512	336	16	15	4	55421	55422	55423	3
5	512	352	16	15	4	55421	55422	55423	3
5	512	368	16	15	4	55421	55422	55423	3
5	512	384	16	15	4	55421	55422	55423	3
5	512	400	16	15	4	55431	55432	55433	3

5	572	306	9	9	1	55441	55441	55441	3
5	572	314	9	9	1	55443	55443	55443	3
5	572	322	9	9	1	55443	55443	55443	3
5	572	330	9	9	1	55443	55443	55443	3
5	572	338	9	9	1	55443	55443	55443	3
5	572	346	9	9	1	55443	55443	55443	3
5	572	354	9	9	1	55443	55443	55443	3
5	572	362	9	9	1	55443	55443	55443	3
5	572	370	9	9	1	55443	55443	55443	3
5	572	372	9	9	1	55443	55443	5544	33


# BLUE RECTANGLE
5	1328	320	16	15	7	55211	55212	55213	2
5	1328	336	16	15	7	55221	55222	55223	3
5	1328	352	16	15	7	55221	55222	55223	3
5	1328	368	16	15	7	55221	55222	55223	3
5	1328	384	16	15	7	55221	55222	55223	3
5	1328	400	16	15	7	55231	55232	55233	3

5	1436	322	9	9	1	55441	55441	55441	3
5	1436	330	9	9	1	55443	55443	55443	3
5	1436	338	9	9	1	55443	55443	55443	3
5	1436	346	9	9	1	55443	55443	55443	3
5	1436	354	9	9	1	55443	55443	55443	3
5	1436	362	9	9	1	55443	55443	55443	3
5	1436	370	9	9	1	55443	55443	55443	3
5	1436	378	9	9	1	55443	55443	55443	3
5	1436	386	9	9	1	55443	55443	55443	3
5	1436	394	9	9	1	55443	55443	55443	3
5	1436	402	9	9	1	55443	55443	55443	3
5	1436	404	9	9	1	55443	55443	55443	3


# PIPE
5	352	368	16	15	2	54101	54102	54102	1
5	352	384	16	15	2	54201	54202	54202	1
5	352	400	16	15	2	54201	54202	54202	1

5	1792	384	16	15	2	54101	54102	54102	1
5	1792	400	16	15	2	54201	54202	54202	1

5	1856	368	16	15	2	54101	54102	54102	1
5	1856	384	16	15	2	54201	54202	54202	1
5	1856	400	16	15	2	54201	54202	54202	1
5	2256	384	16	15	2	54201	54202	54202	1
5	2256	400	16	15	2	54201	54202	54202	1

5	2320	384	16	15	2	54101	54102	54102	1
5	2320	400	16	15	2	54201	54202	54202	1

5	2256	112	16	15	2	54101	54102	54102	1
5	2256	128	16	15	2	54201	54202	54202	1
5	2256	144	16	15	2	54201	54202	54202	1
5	2256	160	16	15	2	54201	54202	54202	1
5	2256	176	16	15	2	54201	54202	54202	1
5	2256	192	16	15	2	54201	54202	54202	1
5	2256	208	16	15	2	54201	54202	54202	1
5	2256	224	16	15	2	54201	54202	54202	1
5	2256	240	16	15	2	54201	54202	54202	1
5	2256	256	16	15	2	54201	54202	54202	1
5	2256	272	16	15	2	54201	54202	54202	1
5	2256	288	16	15	2	54201	54202	54202	1


# SHORT TREE
5	160	400	16	16	3	53400	53400	53400	3
5	672	384	16	16	6	53400	53400	53400	3
5	1040	384	16	16	2	53400	53400	53400	3
5	1184	400	16	16	3	53400	53400	53400	3
5	1728	400	16	16	3	53400	53400	53400	3


# TALL TREE
5	33	384	16	16	2	53101	53102	53102	3
5	33	400	16	16	2	53300	53300	53300	3

5	81	400	16	16	2	53101	53102	53102	3
5	113	384	16	16	2	53101	53102	53102	3
5	113	400	16	16	2	53300	53202	53202	3

5	16	368	16	16	2	53101	53102	53102	3
5	16	384	16	16	2	53201	53300	53300	3
5	16	400	16	16	2	53201	53300	53300	3

5	33	352	16	16	2	53101	53102	53102	3
5	33	368	16	16	2	53201	53202	53202	3
5	49	384	16	16	1	53300	53300	53300	3

5	65	368	16	16	2	53101	53102	53102	3
5	65	384	16	16	2	53300	53202	53202	3
5	65	400	16	16	2	53300	53202	53202	3

5	97	368	16	16	2	53101	53102	53102	3
5	97	384	16	16	2	53201	53300	53300	3
5	97	400	16	16	2	53201	53300	53300	3


5	817	384	16	16	2	53101	53102	53102	3
5	945	384	16	16	2	53101	53102	53102	3
5	849	368	16	16	2	53101	53102	53102	3
5	881	368	16	16	2	53101	53102	53102	3
5	977	368	16	16	2	53101	53102	53102	3
5	832	352	16	16	2	53101	53102	53102	3
5	865	352	16	16	2	53101	53102	53102	3
5	913	352	16	16	2	53101	53102	53102	3
5	960	352	16	16	2	53101	53102	53102	3
5	881	336	16	16	2	53101	53102	53102	3
5	832	384	16	16	7	53201	53300	53202	3
5	960	384	16	16	3	53300	53300	53300	3
5	832	368	16	16	7	53201	53300	53202	3
5	880	352	16	16	2	53300	53202	53202	3
5	960	368	16	16	2	53201	53202	53202	3

5	1889	400	16	16	2	53101	53102	53102	3
5	1921	384	16	16	2	53101	53102	53102	3
5	1921	400	16	16	2	53300	53300	53300	3

5	1904	368	16	16	2	53101	53102	53102	3
5	1904	384	16	16	2	53201	53300	53300	3
5	1904	400	16	16	2	53300	53300	53300	3

5	2433	384	16	16	2	53101	53102	53102	3
5	2433	400	16	16	2	53300	53202	53202	3

5	2368	352	16	16	2	53101	53102	53102	3
5	2368	368	16	16	2	53201	53300	53300	3
5	2368	384	16	16	2	53201	53300	53300	3
5	2368	400	16	16	2	53201	53300	53300	3


5	2385	336	16	16	2	53101	53102	53102	3
5	2385	352	16	16	2	53300	53300	53300	3
5	2385	368	16	16	2	53300	53300	53300	3
5	2385	384	16	16	2	53300	53300	53300	3
5	2385	400	16	16	2	53300	53300	53300	3

5	2417	304	16	16	2	53101	53102	53102	3
5	2417	320	16	16	2	53300	53300	53202	3
5	2417	336	16	16	2	53300	53300	53202	3
5	2417	352	16	16	2	53300	53300	53202	3
5	2417	368	16	16	2	53300	53300	53202	3
5	2417	384	16	16	2	53300	53300	53202	3
5	2417	400	16	16	2	53300	53300	53300	3

5	2400	288	16	16	2	53101	53102	53102	3
5	2400	304	16	16	2	53201	53300	53300	3
5	2400	320	16	16	2	53201	53300	53300	3
5	2400	336	16	16	2	53201	53300	53300	3
5	2400	352	16	16	2	53201	53300	53300	3


# CLOUD
5	120	273	16	15	4	52101	52102	52103	30
5	120	289	16	16	4	52201	52202	52203	30

5	328	257	16	16	3	52101	52102	52103	30
5	328	273	16	16	3	52201	52202	52203	30

5	648	273	16	16	3	52101	52102	52103	30
5	648	289	16	16	3	52201	52202	52203	30

5	728	305	16	15	5	52101	52102	52103	30
5	728	321	16	16	5	52201	52202	52203	30

5	1176	273	16	15	3	52101	52102	52103	30
5	1176	289	16	16	3	52201	52202	52203	30

5	1656	273	16	15	5	52101	52102	52103	30
5	1656	289	16	16	5	52201	52202	52203	30

5	2328	289	16	15	3	52101	52102	52103	30
5	2328	305	16	16	3	52201	52202	52203	30


# PLANT
6	360	376	3
6	1800	388	1
6	1864	372	2